Example console output:

logger: Circle 43.1 started on Raspberry Pi Zero
00:00:01.00 timer: SpeedFactor is 1.00
00:00:01.00 kernel: Compile time: Oct 28 2020 22:17:52
00:00:01.00 kernel: VMA405 RFID over SPI
00:00:01.01 mfrc522: SPI init done!
00:00:01.01 mfrc522: doing hard reset ..
00:00:01.07 kernel: PCD init done!
00:00:01.07 mfrc522: Firmware Version: 0x92 = v2.0
00:00:01.08 kernel: Scan PICC to see UID, SAK, type, sector data...
00:00:01.10 mfrc522: Card UID:
00:00:01.10 mfrc522: Dumping 0x4 bytes starting at 0x225F69
00:00:01.11 mfrc522: 5F69: D9 AB AB 8B 40 02 80 07-1F 00 08 90 70 01 00 36
00:00:01.12 mfrc522: Card SAK: 8
00:00:01.12 mfrc522: PICC type: MIFARE 1KB
00:00:01.12 mfrc522: Sector Block   0  1  2  3   4  5  6  7   8  9 10 11  12 13 14 15  AccessBits
00:00:01.15 mfrc522:   15     63   00 00 00 00  00 00 FF 07  80 69 FF FF  FF FF FF FF  [ 0 0 1 ]
00:00:01.16 mfrc522:          62   00 00 00 00  00 00 00 00  00 00 00 00  00 00 00 00  [ 0 0 0 ]
00:00:01.18 mfrc522:          61   00 00 00 00  00 00 00 00  00 00 00 00  00 00 00 00  [ 0 0 0 ]
00:00:01.20 mfrc522:          60   00 00 00 00  00 00 00 00  00 00 00 00  00 00 00 00  [ 0 0 0 ]
00:00:01.22 mfrc522:   14     59   00 00 00 00  00 00 FF 07  80 69 FF FF  FF FF FF FF  [ 0 0 1 ]
00:00:01.24 mfrc522:          58   00 00 00 00  00 00 00 00  00 00 00 00  00 00 00 00  [ 0 0 0 ]
00:00:01.26 mfrc522:          57   00 00 00 00  00 00 00 00  00 00 00 00  00 00 00 00  [ 0 0 0 ]
00:00:01.28 mfrc522:          56   00 00 00 00  00 00 00 00  00 00 00 00  00 00 00 00  [ 0 0 0 ]
00:00:01.30 mfrc522:   13     55   00 00 00 00  00 00 FF 07  80 69 FF FF  FF FF FF FF  [ 0 0 1 ]
00:00:01.32 mfrc522:          54   00 00 00 00  00 00 00 00  00 00 00 00  00 00 00 00  [ 0 0 0 ]
00:00:01.34 mfrc522:          53   00 00 00 00  00 00 00 00  00 00 00 00  00 00 00 00  [ 0 0 0 ]
00:00:01.36 mfrc522:          52   00 00 00 00  00 00 00 00  00 00 00 00  00 00 00 00  [ 0 0 0 ]
00:00:01.38 mfrc522:   12     51   00 00 00 00  00 00 FF 07  80 69 FF FF  FF FF FF FF  [ 0 0 1 ]
00:00:01.40 mfrc522:          50   00 00 00 00  00 00 00 00  00 00 00 00  00 00 00 00  [ 0 0 0 ]
00:00:01.42 mfrc522:          49   00 00 00 00  00 00 00 00  00 00 00 00  00 00 00 00  [ 0 0 0 ]
00:00:01.44 mfrc522:          48   00 00 00 00  00 00 00 00  00 00 00 00  00 00 00 00  [ 0 0 0 ]
00:00:01.46 mfrc522:   11     47   00 00 00 00  00 00 FF 07  80 69 FF FF  FF FF FF FF  [ 0 0 1 ]
00:00:01.48 mfrc522:          46   00 00 00 00  00 00 00 00  00 00 00 00  00 00 00 00  [ 0 0 0 ]
00:00:01.50 mfrc522:          45   00 00 00 00  00 00 00 00  00 00 00 00  00 00 00 00  [ 0 0 0 ]
00:00:01.52 mfrc522:          44   00 00 00 00  00 00 00 00  00 00 00 00  00 00 00 00  [ 0 0 0 ]
00:00:01.54 mfrc522:   10     43   00 00 00 00  00 00 FF 07  80 69 FF FF  FF FF FF FF  [ 0 0 1 ]
00:00:01.56 mfrc522:          42   00 00 00 00  00 00 00 00  00 00 00 00  00 00 00 00  [ 0 0 0 ]
00:00:01.58 mfrc522:          41   00 00 00 00  00 00 00 00  00 00 00 00  00 00 00 00  [ 0 0 0 ]
00:00:01.60 mfrc522:          40   00 00 00 00  00 00 00 00  00 00 00 00  00 00 00 00  [ 0 0 0 ]
00:00:01.62 mfrc522:    9     39   00 00 00 00  00 00 FF 07  80 69 FF FF  FF FF FF FF  [ 0 0 1 ]
00:00:01.64 mfrc522:          38   00 00 00 00  00 00 00 00  00 00 00 00  00 00 00 00  [ 0 0 0 ]
00:00:01.66 mfrc522:          37   00 00 00 00  00 00 00 00  00 00 00 00  00 00 00 00  [ 0 0 0 ]
00:00:01.68 mfrc522:          36   00 00 00 00  00 00 00 00  00 00 00 00  00 00 00 00  [ 0 0 0 ]
00:00:01.70 mfrc522:    8     35   00 00 00 00  00 00 FF 07  80 69 FF FF  FF FF FF FF  [ 0 0 1 ]
00:00:01.72 mfrc522:          34   00 00 00 00  00 00 00 00  00 00 00 00  00 00 00 00  [ 0 0 0 ]
00:00:01.74 mfrc522:          33   00 00 00 00  00 00 00 00  00 00 00 00  00 00 00 00  [ 0 0 0 ]
00:00:01.76 mfrc522:          32   00 00 00 00  00 00 00 00  00 00 00 00  00 00 00 00  [ 0 0 0 ]
00:00:01.78 mfrc522:    7     31   00 00 00 00  00 00 FF 07  80 69 FF FF  FF FF FF FF  [ 0 0 1 ]
00:00:01.80 mfrc522:          30   00 00 00 00  00 00 00 00  00 00 00 00  00 00 00 00  [ 0 0 0 ]
00:00:01.82 mfrc522:          29   00 00 00 00  00 00 00 00  00 00 00 00  00 00 00 00  [ 0 0 0 ]
00:00:01.84 mfrc522:          28   00 00 00 00  00 00 00 00  00 00 00 00  00 00 00 00  [ 0 0 0 ]
00:00:01.86 mfrc522:    6     27   00 00 00 00  00 00 FF 07  80 69 FF FF  FF FF FF FF  [ 0 0 1 ]
00:00:01.88 mfrc522:          26   00 00 00 00  00 00 00 00  00 00 00 00  00 00 00 00  [ 0 0 0 ]
00:00:01.90 mfrc522:          25   00 00 00 00  00 00 00 00  00 00 00 00  00 00 00 00  [ 0 0 0 ]
00:00:01.92 mfrc522:          24   00 00 00 00  00 00 00 00  00 00 00 00  00 00 00 00  [ 0 0 0 ]
00:00:01.94 mfrc522:    5     23   00 00 00 00  00 00 FF 07  80 69 FF FF  FF FF FF FF  [ 0 0 1 ]
00:00:01.96 mfrc522:          22   00 00 00 00  00 00 00 00  00 00 00 00  00 00 00 00  [ 0 0 0 ]
00:00:01.98 mfrc522:          21   00 00 00 00  00 00 00 00  00 00 00 00  00 00 00 00  [ 0 0 0 ]
00:00:02.00 mfrc522:          20   00 00 00 00  00 00 00 00  00 00 00 00  00 00 00 00  [ 0 0 0 ]
00:00:02.02 mfrc522:    4     19   00 00 00 00  00 00 FF 07  80 69 FF FF  FF FF FF FF  [ 0 0 1 ]
00:00:02.04 mfrc522:          18   00 00 00 00  00 00 00 00  00 00 00 00  00 00 00 00  [ 0 0 0 ]
00:00:02.06 mfrc522:          17   00 00 00 00  00 00 00 00  00 00 00 00  00 00 00 00  [ 0 0 0 ]
00:00:02.08 mfrc522:          16   00 00 00 00  00 00 00 00  00 00 00 00  00 00 00 00  [ 0 0 0 ]
00:00:02.10 mfrc522:    3     15   00 00 00 00  00 00 FF 07  80 69 FF FF  FF FF FF FF  [ 0 0 1 ]
00:00:02.12 mfrc522:          14   00 00 00 00  00 00 00 00  00 00 00 00  00 00 00 00  [ 0 0 0 ]
00:00:02.14 mfrc522:          13   00 00 00 00  00 00 00 00  00 00 00 00  00 00 00 00  [ 0 0 0 ]
00:00:02.15 mfrc522:          12   00 00 00 00  00 00 00 00  00 00 00 00  00 00 00 00  [ 0 0 0 ]
00:00:02.18 mfrc522:    2     11   00 00 00 00  00 00 FF 07  80 69 FF FF  FF FF FF FF  [ 0 0 1 ]
00:00:02.20 mfrc522:          10   00 00 00 00  00 00 00 00  00 00 00 00  00 00 00 00  [ 0 0 0 ]
00:00:02.22 mfrc522:           9   00 00 00 00  00 00 00 00  00 00 00 00  00 00 00 00  [ 0 0 0 ]
00:00:02.23 mfrc522:           8   00 00 00 00  00 00 00 00  00 00 00 00  00 00 00 00  [ 0 0 0 ]
00:00:02.26 mfrc522:    1      7   00 00 00 00  00 00 FF 07  80 69 FF FF  FF FF FF FF  [ 0 0 1 ]
00:00:02.28 mfrc522:           6   00 00 00 00  00 00 00 00  00 00 00 00  00 00 00 00  [ 0 0 0 ]
00:00:02.30 mfrc522:           5   00 00 00 00  00 00 00 00  00 00 00 00  00 00 00 00  [ 0 0 0 ]
00:00:02.31 mfrc522:           4   3B 00 00 00  00 00 00 00  00 00 00 00  00 00 00 00  [ 0 0 0 ]
00:00:02.34 mfrc522:    0      3   00 00 00 00  00 00 FF 07  80 69 FF FF  FF FF FF FF  [ 0 0 1 ]
00:00:02.36 mfrc522:           2   00 00 00 00  00 00 00 00  00 00 00 00  00 00 00 00  [ 0 0 0 ]
00:00:02.37 mfrc522:           1   00 00 00 00  00 00 00 00  00 00 00 00  00 00 00 00  [ 0 0 0 ]
00:00:02.39 mfrc522:           0   D9 AB AB 8B  52 08 04 00  62 63 64 65  66 67 68 69  [ 0 0 0 ]
00:00:02.46 kernel: Rebooting..
